❯ model -q 20 -t 12 -b 4 -c 0 -f -p 7
time,cars,bikes
0,0,0
1,0,0
2,0,0
3,0,1
4,0,1
5,0,1
6,0,1
7,0,1
8,0,1
9,0,1
10,0,1
11,0,1
12,0,1
13,0,1
14,0,1
15,0,1
16,0,1
17,0,1
18,0,1
19,0,1
20,0,1
21,0,2
22,0,2
23,0,2
24,0,2
25,0,2
26,0,2
27,0,2
28,0,2
29,0,2
30,0,2
31,0,2
32,0,2
33,0,2
34,0,3
35,0,3
36,0,3
37,0,3
38,0,3
39,0,3
40,0,3
41,0,3
42,0,3
43,0,3
44,0,3
45,0,4
46,0,4
47,0,4
48,0,4
49,0,4
50,0,4
51,0,4
52,0,4
53,0,4
54,0,3
55,0,3
56,0,3
57,0,3
58,0,4
59,0,4
60,0,4
61,0,4
62,0,4
63,0,4
64,0,4
65,0,4
66,0,4
67,0,4
68,0,4
69,0,4
70,0,4
71,0,4
72,0,4
73,0,4
74,0,4
75,0,3
76,0,3
77,0,3
78,0,3
79,0,3
80,0,3
81,0,3
82,0,2
83,0,2
84,0,2
85,0,2
86,0,2
87,0,3
88,0,3
89,0,3
90,0,3
91,0,3
92,0,3
93,0,3
94,0,3
95,0,3
96,0,3
97,0,3
98,0,3
99,0,2
100,0,2
101,0,2
102,0,2
103,0,2
104,0,2
105,0,2
106,0,2
107,0,2
108,0,3
109,0,3
110,0,3
111,0,3
112,0,3
113,0,3
114,0,3
115,0,3
116,0,3
117,0,3
118,0,3
119,0,3
120,0,3
121,0,3
122,0,3
123,0,3
124,0,3
125,0,3
126,0,3
127,0,4
128,0,4
129,0,4
130,0,4
131,0,3
132,0,3
133,0,3
134,0,4
135,0,4
136,0,4
137,0,4
138,0,4
139,0,4
140,0,4
141,0,4
142,0,4
143,0,4
144,0,4
145,0,4
146,0,4
147,0,4
148,0,4
149,0,4
150,0,4
151,0,4
152,0,4
153,0,4
154,0,4
155,0,4
156,0,4
157,0,4
158,0,4
159,0,4
160,0,4
161,0,4
162,0,4
163,0,4
164,0,4
165,0,4
166,0,4
167,0,4
168,0,3
169,0,3
170,0,3
171,0,2
172,0,2
173,0,2
174,0,2
175,0,3
176,0,3
177,0,3
178,0,3
179,0,3
180,0,3
181,0,3
182,0,3
183,0,3
184,0,3
185,0,3
186,0,3
187,0,3
188,0,3
189,0,3
190,0,3
191,0,3
192,0,4
193,0,4
194,0,4
195,0,4
196,0,4
197,0,4
198,0,4
199,0,4
200,0,4
201,0,4
202,0,4
203,0,4
204,0,4
205,0,4
206,0,4
207,0,4
208,0,4
209,0,4
210,0,4
211,0,4
212,0,3
213,0,3
214,0,3
215,0,3
216,0,3
217,0,3
218,0,4
219,0,4
220,0,4
221,0,4
222,0,3
223,0,3
224,0,3
225,0,3
226,0,3
227,0,3
228,0,3
229,0,3
230,0,3
231,0,3
232,0,3
233,0,3
234,0,3
235,0,3
236,0,3
237,0,4
238,0,4
239,0,4
240,0,4
241,0,4
242,0,4
243,0,4
244,0,4
245,0,3
246,0,3
247,0,3
248,0,3
249,0,3
250,0,3
251,0,3
252,0,3
253,0,4
254,0,4
255,0,4
256,0,4
257,0,4
258,0,4
259,0,4
260,0,4
261,0,4
262,0,3
263,0,2
264,0,2
265,0,2
266,0,2
267,0,2
268,0,2
269,0,2
270,0,2
271,0,2
272,0,2
273,0,2
274,0,2
275,0,2
276,0,2
277,0,2
278,0,2
279,0,2
280,0,2
281,0,2
282,0,2
283,0,2
284,0,2
285,0,2
286,0,2
287,0,2
288,0,2
289,0,2
290,0,1
291,0,1
292,0,1
293,0,1
294,0,1
295,0,1
296,0,2
297,0,1
298,0,1
299,0,1
300,0,1
301,0,1
302,0,1
303,0,1
304,0,1
305,0,1
306,0,1
307,0,1
308,0,1
309,0,1
310,0,1
311,0,1
312,0,1
313,0,1
314,0,1
315,0,1
316,0,1
317,0,1
318,0,1
319,0,1
320,0,1
321,0,1
322,0,1
323,0,1
324,0,1
325,0,1
326,0,1
327,0,2
328,0,2
329,0,2
330,0,2
331,0,2
332,0,2
333,0,2
334,0,2
335,0,2
336,0,2
337,0,2
338,0,1
339,0,2
340,0,2
341,0,2
342,0,2
343,0,2
344,0,2
345,0,2
346,0,2
347,0,2
348,0,2
349,0,2
350,0,2
351,0,2
352,0,2
353,0,2
354,0,3
355,0,3
356,0,3
357,0,3
358,0,3
359,0,3
360,0,3
361,0,3
362,0,4
363,0,4
364,0,4
365,0,4
366,0,4
367,0,4
368,0,4
369,0,4
370,0,4
371,0,4
372,0,4
373,0,4
374,0,4
375,0,4
376,0,4
377,0,3
378,0,3
379,0,3
380,0,3
381,0,3
382,0,3
383,0,3
384,0,3
385,0,2
386,0,2
387,0,2
388,0,2
389,0,2
390,0,2
391,0,2
392,0,2
393,0,3
394,0,3
395,0,3
396,0,3
397,0,3
398,0,3
399,0,3
400,0,3
401,0,3
402,0,3
403,0,3
404,0,3
405,0,2
406,0,2
407,0,2
408,0,2
409,0,3
410,0,3
411,0,3
412,0,3
413,0,3
414,0,3
415,0,3
416,0,3
417,0,3
418,0,4
419,0,4
420,0,4
421,0,4
422,0,4
423,0,4
424,0,4
425,0,4
426,0,3
427,0,3
428,0,3
429,0,3
430,0,3
431,0,3
432,0,4
433,0,4
434,0,4
435,0,4
436,0,4
437,0,4
438,0,4
439,0,4
440,0,4
441,0,4
442,0,4
443,0,4
444,0,4
445,0,4
446,0,4
447,0,4
448,0,4
449,0,4
450,0,4
451,0,4
452,0,4
453,0,4
454,0,4
455,0,4
456,0,4
457,0,4
458,0,4
459,0,4
460,0,4
461,0,4
462,0,4
463,0,4
464,0,4
465,0,4
466,0,4
467,0,4
468,0,4
469,0,4
470,0,4
471,0,4
472,0,4
473,0,4
474,0,3
475,0,3
476,0,3
477,0,4
478,0,4
479,0,4
480,0,4
481,0,4
482,0,4
483,0,4
484,0,4
485,0,4
486,0,4
487,0,4
488,0,4
489,0,4
490,0,4
491,0,4
492,0,3
493,0,3
494,0,3
495,0,4
496,0,4
497,0,4
498,0,4
499,0,4
500,0,4
501,0,4
502,0,4
503,0,4
504,0,4
505,0,4
506,0,4
507,0,3
508,0,3
509,0,3
510,0,3
511,0,3
512,0,3
513,0,3
514,0,3
515,0,3
516,0,3
517,0,3
518,0,3
519,0,2
520,0,2
521,0,2
522,0,2
523,0,2
524,0,2
525,0,3
526,0,3
527,0,3
528,0,3
529,0,3
530,0,4
531,0,4
532,0,4
533,0,4
534,0,3
535,0,3
536,0,3
537,0,3
538,0,3
539,0,3
540,0,3
541,0,3
542,0,3
543,0,3
544,0,3
545,0,3
546,0,3
547,0,3
548,0,3
549,0,2
550,0,2
551,0,2
552,0,2
553,0,2
554,0,2
555,0,2
556,0,2
557,0,2
558,0,3
559,0,3
560,0,3
561,0,3
562,0,3
563,0,3
564,0,3
565,0,3
566,0,3
567,0,3
568,0,3
569,0,3
570,0,3
571,0,3
572,0,3
573,0,3
574,0,3
575,0,3
576,0,3
577,0,3
578,0,2
579,0,2
580,0,2
581,0,2
582,0,2
583,0,2
584,0,2
585,0,2
586,0,2
587,0,3
588,0,3
589,0,3
590,0,3
591,0,3
592,0,3
593,0,3
594,0,2
595,0,2
596,0,2
597,0,2
598,0,2
599,0,3
600,0,3
601,0,3
602,0,3
603,0,3
604,0,3
605,0,3
606,0,3
607,0,3
608,0,3
609,0,3
610,0,3
611,0,3
612,0,3
613,0,3
614,0,2
615,0,2
616,0,2
617,0,2
618,0,2
619,0,2
620,0,2
621,0,2
622,0,2
623,0,2
624,0,2
625,0,2
626,0,2
627,0,2
628,0,2
629,0,2
630,0,2
631,0,2
632,0,2
633,0,2
634,0,2
635,0,2
636,0,3
637,0,3
638,0,2
639,0,2
640,0,2
641,0,2
642,0,2
643,0,2
644,0,2
645,0,2
646,0,2
647,0,2
648,0,3
649,0,3
650,0,3
651,0,2
652,0,2
653,0,2
654,0,2
655,0,3
656,0,3
657,0,3
658,0,3
659,0,3
660,0,3
661,0,3
662,0,4
663,0,4
664,0,4
665,0,4
666,0,4
667,0,4
668,0,4
669,0,4
670,0,4
671,0,4
672,0,4
673,0,4
674,0,4
675,0,4
676,0,4
677,0,4
678,0,4
679,0,4
680,0,4
681,0,4
682,0,4
683,0,4
684,0,4
685,0,4
686,0,4
687,0,4
688,0,4
689,0,4
690,0,4
691,0,4
692,0,4
693,0,4
694,0,4
695,0,4
696,0,4
697,0,4
698,0,4
699,0,4
700,0,4
701,0,4
702,0,4
703,0,4
704,0,4
705,0,4
706,0,4
707,0,4
708,0,4
709,0,4
710,0,4
711,0,4
712,0,4
713,0,4
714,0,4
715,0,3
716,0,3
717,0,3
718,0,3
719,0,4
720,0,4
721,0,4
722,0,4
723,0,4
724,0,4
725,0,4
726,0,4
727,0,4
728,0,4
729,0,4
730,0,4
731,0,4
732,0,4
733,0,4
734,0,4
735,0,4
736,0,4
737,0,4
738,0,4
739,0,4
740,0,4
741,0,4
742,0,4
743,0,4
744,0,4
745,0,4
746,0,4
747,0,4
748,0,4
749,0,4
750,0,4
751,0,4
752,0,4
753,0,4
754,0,4
755,0,4
756,0,4
757,0,4
758,0,4
759,0,4
760,0,4
761,0,4
762,0,4
763,0,4
764,0,4
765,0,3
766,0,3
767,0,3
768,0,3
769,0,3
770,0,3
771,0,2
772,0,2
773,0,2
774,0,2
775,0,2
776,0,2
777,0,2
778,0,2
779,0,2
780,0,2
781,0,2
782,0,2
783,0,2
784,0,2
785,0,2
786,0,2
787,0,2
788,0,2
789,0,2
790,0,2
791,0,2
792,0,2
793,0,2
794,0,2
795,0,2
796,0,2
797,0,2
798,0,2
799,0,1
800,0,0
801,0,0
802,0,0
803,0,0
804,0,0
805,0,0
806,0,0
807,0,0
808,0,0
809,0,0
810,0,0
811,0,0
812,0,0
813,0,0
814,0,0
815,0,0
816,0,0
817,0,0
818,0,0
819,0,0
820,0,0
821,0,0
822,0,0
823,0,0
824,0,0
825,0,0
826,0,0
827,0,0
828,0,0
829,0,0
830,0,0
831,0,0
832,0,0
833,0,0
834,0,0
835,0,0
836,0,0
837,0,0
838,0,0
839,0,0
840,0,0
+----------------------------------------------------------+
| STORE Cars                                               |
+----------------------------------------------------------+
|  Capacity = 0  (0 used, 0 free)                          |
+----------------------------------------------------------+

+----------------------------------------------------------+
| STORE Bikes                                              |
+----------------------------------------------------------+
|  Capacity = 4  (0 used, 4 free)                          |
|  Time interval = 0 - 840                                 |
|  Number of Enter operations = 50                         |
|  Minimal used capacity = 0                               |
|  Maximal used capacity = 4                               |
|  Average used capacity = 2.84337                         |
+----------------------------------------------------------+
  Input queue 'Bikes.Q'
+----------------------------------------------------------+
| QUEUE Q                                                  |
+----------------------------------------------------------+
|  Time interval = 0 - 840                                 |
|  Incoming  4                                             |
|  Outcoming  4                                            |
|  Current length = 0                                      |
|  Maximal length = 1                                      |
|  Average length = 0.0411499                              |
|  Minimal time = 1.287                                    |
|  Maximal time = 17.6002                                  |
|  Average time = 8.64149                                  |
+----------------------------------------------------------+

+----------------------------------------------------------+
| QUEUE Orders waiting for a driver.                       |
+----------------------------------------------------------+
|  Time interval = 0 - 840                                 |
|  Incoming  28                                            |
|  Outcoming  28                                           |
|  Current length = 0                                      |
|  Maximal length = 3                                      |
|  Average length = 0.279324                               |
|  Minimal time = 0.451934                                 |
|  Maximal time = 26.4924                                  |
|  Average time = 8.37971                                  |
+----------------------------------------------------------+
+----------------------------------------------------------+
| QUEUE Orders waiting to be packed by a driver.            |
+----------------------------------------------------------+
|  Time interval = 0 - 840                                 |
|  Incoming  25                                            |
|  Outcoming  25                                           |
|  Current length = 0                                      |
|  Maximal length = 4                                      |
|  Average length = 0.164578                               |
|  Minimal time = 0.0232909                                |
|  Maximal time = 23.6895                                  |
|  Average time = 5.52983                                  |
+----------------------------------------------------------+
+----------------------------------------------------------+
| HISTOGRAM Order delivery time.                           |
+----------------------------------------------------------+
| STATISTIC                                                |
+----------------------------------------------------------+
|  Min = 19                      Max = 71                  |
|  Number of records = 86                                  |
|  Average value = 36.5698                                 |
+----------------------------------------------------------+
|    from    |     to     |     n    |   rel    |   sum    |
+------------+------------+----------+----------+----------+
|     10.000 |     20.000 |        1 | 0.011628 | 0.011628 |
|     20.000 |     30.000 |       19 | 0.220930 | 0.232558 |
|     30.000 |     40.000 |       34 | 0.395349 | 0.627907 |
|     40.000 |     50.000 |       26 | 0.302326 | 0.930233 |
|     50.000 |     60.000 |        5 | 0.058140 | 0.988372 |
|     60.000 |     70.000 |        0 | 0.000000 | 0.988372 |
|     70.000 |     80.000 |        1 | 0.011628 | 1.000000 |
|     80.000 |     90.000 |        0 | 0.000000 | 1.000000 |
|     90.000 |    100.000 |        0 | 0.000000 | 1.000000 |
|    100.000 |    110.000 |        0 | 0.000000 | 1.000000 |
|    110.000 |    120.000 |        0 | 0.000000 | 1.000000 |
|    120.000 |    130.000 |        0 | 0.000000 | 1.000000 |
|    130.000 |    140.000 |        0 | 0.000000 | 1.000000 |
|    140.000 |    150.000 |        0 | 0.000000 | 1.000000 |
|    150.000 |    160.000 |        0 | 0.000000 | 1.000000 |
|    160.000 |    170.000 |        0 | 0.000000 | 1.000000 |
|    170.000 |    180.000 |        0 | 0.000000 | 1.000000 |
|    180.000 |    190.000 |        0 | 0.000000 | 1.000000 |
|    190.000 |    200.000 |        0 | 0.000000 | 1.000000 |
|    200.000 |    210.000 |        0 | 0.000000 | 1.000000 |
+------------+------------+----------+----------+----------+

+----------------------------------------------------------+
| HISTOGRAM Car order delivery time.                       |
+----------------------------------------------------------+
| STATISTIC                                                |
+----------------------------------------------------------+
|  no record                                               |
+----------------------------------------------------------+
+----------------------------------------------------------+
| HISTOGRAM Bike order delivery time.                      |
+----------------------------------------------------------+
| STATISTIC                                                |
+----------------------------------------------------------+
|  Min = 19                      Max = 71                  |
|  Number of records = 86                                  |
|  Average value = 36.5698                                 |
+----------------------------------------------------------+
|    from    |     to     |     n    |   rel    |   sum    |
+------------+------------+----------+----------+----------+
|     10.000 |     20.000 |        1 | 0.011628 | 0.011628 |
|     20.000 |     30.000 |       19 | 0.220930 | 0.232558 |
|     30.000 |     40.000 |       34 | 0.395349 | 0.627907 |
|     40.000 |     50.000 |       26 | 0.302326 | 0.930233 |
|     50.000 |     60.000 |        5 | 0.058140 | 0.988372 |
|     60.000 |     70.000 |        0 | 0.000000 | 0.988372 |
|     70.000 |     80.000 |        1 | 0.011628 | 1.000000 |
|     80.000 |     90.000 |        0 | 0.000000 | 1.000000 |
|     90.000 |    100.000 |        0 | 0.000000 | 1.000000 |
|    100.000 |    110.000 |        0 | 0.000000 | 1.000000 |
|    110.000 |    120.000 |        0 | 0.000000 | 1.000000 |
|    120.000 |    130.000 |        0 | 0.000000 | 1.000000 |
|    130.000 |    140.000 |        0 | 0.000000 | 1.000000 |
|    140.000 |    150.000 |        0 | 0.000000 | 1.000000 |
|    150.000 |    160.000 |        0 | 0.000000 | 1.000000 |
|    160.000 |    170.000 |        0 | 0.000000 | 1.000000 |
|    170.000 |    180.000 |        0 | 0.000000 | 1.000000 |
|    180.000 |    190.000 |        0 | 0.000000 | 1.000000 |
|    190.000 |    200.000 |        0 | 0.000000 | 1.000000 |
|    200.000 |    210.000 |        0 | 0.000000 | 1.000000 |
+------------+------------+----------+----------+----------+

+----------------------------------------------------------+
| HISTOGRAM Orders delivered by a driver at once.          |
+----------------------------------------------------------+
| STATISTIC                                                |
+----------------------------------------------------------+
|  Min = 1                       Max = 2                   |
|  Number of records = 86                                  |
|  Average value = 1.41861                                 |
+----------------------------------------------------------+
|    from    |     to     |     n    |   rel    |   sum    |
+------------+------------+----------+----------+----------+
|      1.000 |      2.000 |       50 | 0.581395 | 0.581395 |
|      2.000 |      3.000 |       36 | 0.418605 | 1.000000 |
|      3.000 |      4.000 |        0 | 0.000000 | 1.000000 |
|      4.000 |      5.000 |        0 | 0.000000 | 1.000000 |
+------------+------------+----------+----------+----------+

Drivers did not do any mistakes.
Cooks made 1 mistake.
Average order delivery time was 36 minutes.
There was 1 delayed order out of86 served.
There were not any remade orders.
Expenses: 4002
Incomes:  27950
Profit:   23948
