❯ model -q 20 -t 12 -b 0 -c 4 -f -p 7
time,cars,bikes
0,0,0
1,0,0
2,0,0
3,0,0
4,0,0
5,0,0
6,0,0
7,0,0
8,1,0
9,1,0
10,1,0
11,1,0
12,1,0
13,1,0
14,1,0
15,1,0
16,1,0
17,1,0
18,1,0
19,1,0
20,1,0
21,1,0
22,1,0
23,1,0
24,1,0
25,1,0
26,1,0
27,1,0
28,1,0
29,1,0
30,1,0
31,1,0
32,1,0
33,1,0
34,1,0
35,1,0
36,1,0
37,1,0
38,1,0
39,1,0
40,1,0
41,1,0
42,1,0
43,1,0
44,1,0
45,2,0
46,2,0
47,2,0
48,2,0
49,2,0
50,2,0
51,2,0
52,2,0
53,2,0
54,2,0
55,2,0
56,2,0
57,2,0
58,2,0
59,2,0
60,2,0
61,2,0
62,2,0
63,2,0
64,2,0
65,3,0
66,3,0
67,3,0
68,3,0
69,3,0
70,3,0
71,3,0
72,3,0
73,3,0
74,3,0
75,3,0
76,3,0
77,3,0
78,3,0
79,3,0
80,3,0
81,3,0
82,3,0
83,3,0
84,3,0
85,4,0
86,3,0
87,3,0
88,3,0
89,3,0
90,3,0
91,3,0
92,3,0
93,3,0
94,3,0
95,3,0
96,3,0
97,3,0
98,3,0
99,3,0
100,4,0
101,4,0
102,4,0
103,4,0
104,4,0
105,4,0
106,4,0
107,3,0
108,3,0
109,3,0
110,3,0
111,3,0
112,3,0
113,3,0
114,3,0
115,3,0
116,3,0
117,3,0
118,3,0
119,3,0
120,4,0
121,4,0
122,4,0
123,4,0
124,4,0
125,4,0
126,4,0
127,3,0
128,3,0
129,3,0
130,3,0
131,3,0
132,4,0
133,4,0
134,4,0
135,4,0
136,4,0
137,4,0
138,4,0
139,4,0
140,4,0
141,4,0
142,4,0
143,4,0
144,4,0
145,4,0
146,4,0
147,4,0
148,4,0
149,4,0
150,4,0
151,4,0
152,4,0
153,4,0
154,4,0
155,4,0
156,4,0
157,4,0
158,4,0
159,4,0
160,4,0
161,4,0
162,4,0
163,4,0
164,4,0
165,4,0
166,4,0
167,4,0
168,4,0
169,4,0
170,4,0
171,4,0
172,4,0
173,4,0
174,4,0
175,4,0
176,4,0
177,4,0
178,4,0
179,4,0
180,4,0
181,4,0
182,4,0
183,4,0
184,4,0
185,4,0
186,4,0
187,4,0
188,4,0
189,4,0
190,4,0
191,4,0
192,4,0
193,4,0
194,4,0
195,4,0
196,4,0
197,4,0
198,3,0
199,2,0
200,2,0
201,2,0
202,2,0
203,2,0
204,3,0
205,3,0
206,3,0
207,3,0
208,3,0
209,3,0
210,3,0
211,3,0
212,3,0
213,3,0
214,3,0
215,3,0
216,3,0
217,3,0
218,3,0
219,3,0
220,3,0
221,3,0
222,3,0
223,3,0
224,3,0
225,3,0
226,3,0
227,3,0
228,3,0
229,3,0
230,3,0
231,3,0
232,3,0
233,3,0
234,3,0
235,3,0
236,3,0
237,3,0
238,3,0
239,2,0
240,2,0
241,2,0
242,2,0
243,2,0
244,2,0
245,2,0
246,2,0
247,2,0
248,2,0
249,2,0
250,2,0
251,2,0
252,2,0
253,2,0
254,2,0
255,2,0
256,3,0
257,3,0
258,3,0
259,3,0
260,3,0
261,3,0
262,3,0
263,3,0
264,3,0
265,3,0
266,3,0
267,3,0
268,3,0
269,3,0
270,3,0
271,3,0
272,3,0
273,3,0
274,3,0
275,3,0
276,3,0
277,3,0
278,3,0
279,3,0
280,3,0
281,3,0
282,3,0
283,3,0
284,3,0
285,3,0
286,3,0
287,3,0
288,3,0
289,3,0
290,4,0
291,4,0
292,4,0
293,4,0
294,4,0
295,4,0
296,4,0
297,4,0
298,4,0
299,4,0
300,4,0
301,4,0
302,4,0
303,3,0
304,3,0
305,3,0
306,3,0
307,3,0
308,3,0
309,3,0
310,3,0
311,3,0
312,4,0
313,4,0
314,4,0
315,4,0
316,4,0
317,4,0
318,4,0
319,4,0
320,4,0
321,4,0
322,4,0
323,4,0
324,4,0
325,3,0
326,3,0
327,2,0
328,2,0
329,2,0
330,2,0
331,2,0
332,2,0
333,2,0
334,2,0
335,2,0
336,2,0
337,2,0
338,2,0
339,3,0
340,3,0
341,3,0
342,3,0
343,3,0
344,3,0
345,3,0
346,3,0
347,3,0
348,3,0
349,3,0
350,3,0
351,3,0
352,3,0
353,3,0
354,3,0
355,3,0
356,3,0
357,3,0
358,3,0
359,3,0
360,3,0
361,3,0
362,3,0
363,3,0
364,3,0
365,3,0
366,3,0
367,2,0
368,2,0
369,2,0
370,2,0
371,2,0
372,2,0
373,2,0
374,2,0
375,2,0
376,2,0
377,2,0
378,2,0
379,2,0
380,2,0
381,2,0
382,2,0
383,2,0
384,2,0
385,2,0
386,3,0
387,3,0
388,3,0
389,3,0
390,3,0
391,3,0
392,3,0
393,3,0
394,3,0
395,3,0
396,2,0
397,2,0
398,2,0
399,2,0
400,2,0
401,2,0
402,2,0
403,2,0
404,2,0
405,2,0
406,2,0
407,2,0
408,2,0
409,2,0
410,2,0
411,2,0
412,2,0
413,2,0
414,3,0
415,3,0
416,3,0
417,3,0
418,3,0
419,3,0
420,3,0
421,3,0
422,3,0
423,3,0
424,3,0
425,3,0
426,3,0
427,3,0
428,3,0
429,3,0
430,3,0
431,3,0
432,3,0
433,3,0
434,3,0
435,3,0
436,3,0
437,3,0
438,3,0
439,4,0
440,3,0
441,3,0
442,3,0
443,2,0
444,2,0
445,2,0
446,2,0
447,2,0
448,2,0
449,2,0
450,2,0
451,2,0
452,2,0
453,2,0
454,2,0
455,2,0
456,2,0
457,2,0
458,2,0
459,2,0
460,2,0
461,2,0
462,2,0
463,2,0
464,2,0
465,2,0
466,2,0
467,2,0
468,2,0
469,3,0
470,3,0
471,3,0
472,3,0
473,3,0
474,3,0
475,3,0
476,3,0
477,3,0
478,3,0
479,3,0
480,3,0
481,3,0
482,3,0
483,3,0
484,3,0
485,3,0
486,3,0
487,3,0
488,2,0
489,2,0
490,2,0
491,2,0
492,2,0
493,2,0
494,2,0
495,2,0
496,3,0
497,3,0
498,3,0
499,3,0
500,3,0
501,3,0
502,3,0
503,3,0
504,3,0
505,3,0
506,3,0
507,3,0
508,3,0
509,3,0
510,3,0
511,3,0
512,3,0
513,3,0
514,3,0
515,3,0
516,3,0
517,3,0
518,3,0
519,3,0
520,3,0
521,3,0
522,3,0
523,2,0
524,2,0
525,2,0
526,3,0
527,3,0
528,3,0
529,3,0
530,3,0
531,3,0
532,3,0
533,3,0
534,3,0
535,3,0
536,3,0
537,3,0
538,3,0
539,3,0
540,3,0
541,3,0
542,3,0
543,3,0
544,3,0
545,3,0
546,3,0
547,2,0
548,2,0
549,2,0
550,2,0
551,2,0
552,2,0
553,2,0
554,2,0
555,2,0
556,2,0
557,2,0
558,3,0
559,3,0
560,3,0
561,3,0
562,3,0
563,3,0
564,3,0
565,3,0
566,3,0
567,3,0
568,3,0
569,3,0
570,3,0
571,3,0
572,3,0
573,3,0
574,3,0
575,3,0
576,3,0
577,3,0
578,2,0
579,2,0
580,1,0
581,1,0
582,1,0
583,1,0
584,1,0
585,1,0
586,1,0
587,1,0
588,1,0
589,1,0
590,1,0
591,1,0
592,1,0
593,2,0
594,2,0
595,2,0
596,2,0
597,2,0
598,2,0
599,2,0
600,2,0
601,2,0
602,2,0
603,2,0
604,2,0
605,2,0
606,2,0
607,2,0
608,2,0
609,2,0
610,2,0
611,2,0
612,3,0
613,3,0
614,3,0
615,3,0
616,3,0
617,3,0
618,3,0
619,3,0
620,3,0
621,3,0
622,3,0
623,3,0
624,3,0
625,3,0
626,3,0
627,3,0
628,3,0
629,3,0
630,3,0
631,3,0
632,3,0
633,3,0
634,3,0
635,4,0
636,4,0
637,4,0
638,4,0
639,4,0
640,4,0
641,4,0
642,4,0
643,4,0
644,4,0
645,4,0
646,4,0
647,4,0
648,4,0
649,4,0
650,4,0
651,4,0
652,4,0
653,4,0
654,4,0
655,4,0
656,4,0
657,4,0
658,4,0
659,4,0
660,4,0
661,4,0
662,4,0
663,4,0
664,4,0
665,4,0
666,4,0
667,4,0
668,4,0
669,4,0
670,4,0
671,4,0
672,4,0
673,4,0
674,4,0
675,4,0
676,4,0
677,4,0
678,3,0
679,3,0
680,3,0
681,2,0
682,2,0
683,2,0
684,2,0
685,2,0
686,2,0
687,2,0
688,2,0
689,2,0
690,2,0
691,2,0
692,3,0
693,3,0
694,3,0
695,2,0
696,2,0
697,2,0
698,2,0
699,2,0
700,2,0
701,2,0
702,2,0
703,2,0
704,2,0
705,2,0
706,2,0
707,2,0
708,1,0
709,1,0
710,1,0
711,1,0
712,1,0
713,1,0
714,1,0
715,1,0
716,1,0
717,1,0
718,1,0
719,1,0
720,2,0
721,2,0
722,2,0
723,2,0
724,2,0
725,2,0
726,2,0
727,2,0
728,2,0
729,2,0
730,2,0
731,2,0
732,2,0
733,2,0
734,2,0
735,2,0
736,2,0
737,2,0
738,2,0
739,2,0
740,2,0
741,2,0
742,2,0
743,2,0
744,2,0
745,2,0
746,2,0
747,2,0
748,2,0
749,2,0
750,2,0
751,2,0
752,2,0
753,2,0
754,2,0
755,2,0
756,2,0
757,2,0
758,1,0
759,1,0
760,1,0
761,1,0
762,1,0
763,1,0
764,1,0
765,1,0
766,1,0
767,1,0
768,1,0
769,1,0
770,1,0
771,1,0
772,1,0
773,1,0
774,1,0
775,0,0
776,0,0
777,0,0
778,0,0
779,0,0
780,0,0
781,0,0
782,0,0
783,0,0
784,0,0
785,0,0
786,0,0
787,0,0
788,0,0
789,0,0
790,0,0
791,0,0
792,0,0
793,0,0
794,0,0
795,0,0
796,0,0
797,0,0
798,0,0
799,0,0
800,0,0
801,0,0
802,0,0
803,0,0
804,0,0
805,0,0
806,0,0
807,0,0
808,0,0
809,0,0
810,0,0
811,0,0
812,0,0
813,0,0
814,0,0
815,0,0
816,0,0
817,0,0
818,0,0
819,0,0
820,0,0
821,0,0
822,0,0
823,0,0
824,0,0
825,0,0
826,0,0
827,0,0
828,0,0
829,0,0
830,0,0
831,0,0
832,0,0
833,0,0
834,0,0
835,0,0
836,0,0
837,0,0
838,0,0
839,0,0
840,0,0
+----------------------------------------------------------+
| STORE Cars                                               |
+----------------------------------------------------------+
|  Capacity = 4  (0 used, 4 free)                          |
|  Time interval = 0 - 840                                 |
|  Number of Enter operations = 28                         |
|  Minimal used capacity = 0                               |
|  Maximal used capacity = 4                               |
|  Average used capacity = 2.46404                         |
+----------------------------------------------------------+

+----------------------------------------------------------+
| STORE Bikes                                              |
+----------------------------------------------------------+
|  Capacity = 0  (0 used, 0 free)                          |
+----------------------------------------------------------+

+----------------------------------------------------------+
| QUEUE Orders waiting for a driver.                       |
+----------------------------------------------------------+
|  Time interval = 0 - 840                                 |
|  Incoming  11                                            |
|  Outcoming  11                                           |
|  Current length = 0                                      |
|  Maximal length = 2                                      |
|  Average length = 0.0654797                              |
|  Minimal time = 0.023258                                 |
|  Maximal time = 11.4063                                  |
|  Average time = 5.00027                                  |
+----------------------------------------------------------+
+----------------------------------------------------------+
| QUEUE Orders waiting to be packed by a driver.            |
+----------------------------------------------------------+
|  Time interval = 0 - 840                                 |
|  Incoming  18                                            |
|  Outcoming  18                                           |
|  Current length = 0                                      |
|  Maximal length = 4                                      |
|  Average length = 0.0957634                              |
|  Minimal time = 0.230961                                 |
|  Maximal time = 13.6575                                  |
|  Average time = 4.46896                                  |
+----------------------------------------------------------+
+----------------------------------------------------------+
| HISTOGRAM Order delivery time.                           |
+----------------------------------------------------------+
| STATISTIC                                                |
+----------------------------------------------------------+
|  Min = 27                      Max = 103                 |
|  Number of records = 75                                  |
|  Average value = 49.88                                   |
+----------------------------------------------------------+
|    from    |     to     |     n    |   rel    |   sum    |
+------------+------------+----------+----------+----------+
|     10.000 |     20.000 |        0 | 0.000000 | 0.000000 |
|     20.000 |     30.000 |        1 | 0.013333 | 0.013333 |
|     30.000 |     40.000 |       18 | 0.240000 | 0.253333 |
|     40.000 |     50.000 |       24 | 0.320000 | 0.573333 |
|     50.000 |     60.000 |       17 | 0.226667 | 0.800000 |
|     60.000 |     70.000 |        9 | 0.120000 | 0.920000 |
|     70.000 |     80.000 |        5 | 0.066667 | 0.986667 |
|     80.000 |     90.000 |        0 | 0.000000 | 0.986667 |
|     90.000 |    100.000 |        0 | 0.000000 | 0.986667 |
|    100.000 |    110.000 |        1 | 0.013333 | 1.000000 |
|    110.000 |    120.000 |        0 | 0.000000 | 1.000000 |
|    120.000 |    130.000 |        0 | 0.000000 | 1.000000 |
|    130.000 |    140.000 |        0 | 0.000000 | 1.000000 |
|    140.000 |    150.000 |        0 | 0.000000 | 1.000000 |
|    150.000 |    160.000 |        0 | 0.000000 | 1.000000 |
|    160.000 |    170.000 |        0 | 0.000000 | 1.000000 |
|    170.000 |    180.000 |        0 | 0.000000 | 1.000000 |
|    180.000 |    190.000 |        0 | 0.000000 | 1.000000 |
|    190.000 |    200.000 |        0 | 0.000000 | 1.000000 |
|    200.000 |    210.000 |        0 | 0.000000 | 1.000000 |
+------------+------------+----------+----------+----------+

+----------------------------------------------------------+
| HISTOGRAM Car order delivery time.                       |
+----------------------------------------------------------+
| STATISTIC                                                |
+----------------------------------------------------------+
|  Min = 27                      Max = 103                 |
|  Number of records = 75                                  |
|  Average value = 49.88                                   |
+----------------------------------------------------------+
|    from    |     to     |     n    |   rel    |   sum    |
+------------+------------+----------+----------+----------+
|     10.000 |     20.000 |        0 | 0.000000 | 0.000000 |
|     20.000 |     30.000 |        1 | 0.013333 | 0.013333 |
|     30.000 |     40.000 |       18 | 0.240000 | 0.253333 |
|     40.000 |     50.000 |       24 | 0.320000 | 0.573333 |
|     50.000 |     60.000 |       17 | 0.226667 | 0.800000 |
|     60.000 |     70.000 |        9 | 0.120000 | 0.920000 |
|     70.000 |     80.000 |        5 | 0.066667 | 0.986667 |
|     80.000 |     90.000 |        0 | 0.000000 | 0.986667 |
|     90.000 |    100.000 |        0 | 0.000000 | 0.986667 |
|    100.000 |    110.000 |        1 | 0.013333 | 1.000000 |
|    110.000 |    120.000 |        0 | 0.000000 | 1.000000 |
|    120.000 |    130.000 |        0 | 0.000000 | 1.000000 |
|    130.000 |    140.000 |        0 | 0.000000 | 1.000000 |
|    140.000 |    150.000 |        0 | 0.000000 | 1.000000 |
|    150.000 |    160.000 |        0 | 0.000000 | 1.000000 |
|    160.000 |    170.000 |        0 | 0.000000 | 1.000000 |
|    170.000 |    180.000 |        0 | 0.000000 | 1.000000 |
|    180.000 |    190.000 |        0 | 0.000000 | 1.000000 |
|    190.000 |    200.000 |        0 | 0.000000 | 1.000000 |
|    200.000 |    210.000 |        0 | 0.000000 | 1.000000 |
+------------+------------+----------+----------+----------+

+----------------------------------------------------------+
| HISTOGRAM Bike order delivery time.                      |
+----------------------------------------------------------+
| STATISTIC                                                |
+----------------------------------------------------------+
|  no record                                               |
+----------------------------------------------------------+
+----------------------------------------------------------+
| HISTOGRAM Orders delivered by a driver at once.          |
+----------------------------------------------------------+
| STATISTIC                                                |
+----------------------------------------------------------+
|  Min = 1                       Max = 4                   |
|  Number of records = 75                                  |
|  Average value = 2.02667                                 |
+----------------------------------------------------------+
|    from    |     to     |     n    |   rel    |   sum    |
+------------+------------+----------+----------+----------+
|      1.000 |      2.000 |       28 | 0.373333 | 0.373333 |
|      2.000 |      3.000 |       25 | 0.333333 | 0.706667 |
|      3.000 |      4.000 |       14 | 0.186667 | 0.893333 |
|      4.000 |      5.000 |        8 | 0.106667 | 1.000000 |
+------------+------------+----------+----------+----------+

Drivers made 1 mistake.
Cooks made 1 mistake.
Average order delivery time was 49 minutes.
There were 13 delayed orders out of 75 served.
There were not any remade orders.
Expenses: 3496
Incomes:  22425
Profit:   18929
